=========================UL=========================
datettime              UL-Tput   UL-RbNum UL-MCS UL-Bler UL-nonWPuschBler
20230213.174330.880843 0.001306 107.8 9.0 0.0 0.0 
20230213.174340.880963 0.000565 110.9 9.0 0.0 0.0 
20230213.174350.881105 0.000059 90.0 9.0 0.0 0.0 
20230213.174400.881254 23.924606 265.3 19.7 0.0 0.0 
20230213.174410.881449 81.424690 266.1 20.0 0.0 0.0 
20230213.174420.881596 81.353577 266.1 20.0 0.0 0.0 
20230213.174430.881736 81.342110 266.1 20.0 0.0 0.0 
20230213.174440.881882 81.322617 266.1 20.0 0.0 0.0 
20230213.174450.882030 81.414360 266.1 20.0 0.0 0.0 
20230213.174500.882165 81.414352 266.1 20.0 0.0 0.0 
20230213.174510.882300 81.393738 266.1 20.0 0.0 0.0 
20230213.174520.882440 81.424690 266.1 20.0 0.0 0.0 
20230213.174530.882581 81.435028 266.1 20.0 0.0 0.0 
20230213.174540.882740 81.435005 266.1 20.0 0.0 0.0 
20230213.174550.882873 81.230858 266.1 20.0 0.0 0.1 
20230213.174600.883201 81.066841 266.1 20.0 0.0 0.3 
20230213.174610.883142 81.362732 266.1 20.0 0.0 0.0 
20230213.174620.883287 81.383400 266.1 20.0 0.0 0.1 
20230213.174630.883438 81.424683 266.1 20.0 0.0 0.0 
20230213.174640.883577 80.770714 266.1 19.9 0.0 0.1 
20230213.174650.883707 81.362747 266.1 20.0 0.0 0.0 
20230213.174700.883858 81.435020 266.1 20.0 0.0 0.0 
20230213.174710.883992 81.414383 266.1 20.0 0.0 0.0 
20230213.174720.884135 81.435020 266.1 20.0 0.0 0.0 
20230213.174730.884274 81.383392 266.1 20.0 0.0 0.0 
20230213.174740.884415 81.393730 266.1 20.0 0.0 0.1 
20230213.174750.884569 81.363937 266.1 20.0 0.0 0.0 
20230213.174800.884704 81.424698 266.1 20.0 0.0 0.0 
20230213.174810.884837 81.362747 266.1 20.0 0.0 0.0 
20230213.174820.884993 81.404045 266.1 20.0 0.0 0.0 
20230213.174830.885116 81.277122 266.1 20.0 0.0 0.0 
20230213.174840.885268 81.404060 266.1 20.0 0.0 0.0 
20230213.174850.885397 81.393723 266.1 20.0 0.0 0.0 
20230213.174900.885523 43.754021 263.2 20.0 0.0 0.0 
20230213.174910.885679 76.244354 265.7 20.0 0.0 0.0 
20230213.174920.885801 61.030525 266.1 20.0 0.0 0.0 
20230213.174930.885949 22.844461 256.1 20.0 0.0 0.0 
20230213.174940.886109 81.435020 266.1 20.0 0.0 0.0 
20230213.174950.886224 47.550377 264.8 20.0 0.0 0.0 
20230213.175010.886451 0.000027 1.0 20.0 0.0 0.0 
20230213.175020.886585 0.001306 107.8 9.0 0.0 0.0 
20230213.175030.886778 0.001241 42.3 9.4 0.0 0.0 
20230213.175040.886935 68.186287 264.9 20.0 0.0 0.0 
20230213.175050.887059 55.244987 265.4 20.0 0.0 0.0 
20230213.175100.887221 68.634163 265.3 20.0 0.0 0.0 
20230213.175110.887302 0.000027 1.0 20.0 0.0 0.0 
20230213.175120.887446 0.001395 119.7 9.0 0.0 0.0 
20230213.175130.887607 47.565277 265.4 19.8 0.0 0.0 
20230213.175140.887799 71.260033 265.5 20.0 0.0 0.0 
20230213.175150.887911 2.638382 174.7 20.0 0.0 0.2 
20230213.175200.888074 73.344666 265.5 20.0 0.0 0.1 
20230213.175210.888178 11.436308 245.5 20.0 0.0 0.2 
20230213.175220.888325 28.442677 260.1 20.0 0.0 0.1 
20230213.175230.888494 46.847786 262.3 20.0 0.0 0.1 
20230213.175240.888565 0.000027 1.0 20.0 0.0 0.0 
20230213.175250.888709 0.001395 119.7 9.0 0.0 0.0 
20230213.175300.888872 0.001279 32.0 11.5 0.0 0.0 
20230213.175310.889054 72.003410 265.2 19.9 0.0 0.0 
20230213.175320.889145 7.094588 258.1 20.0 0.0 0.3 
20230213.175340.889412 0.001753 117.8 9.0 0.0 0.0 
20230213.175350.889547 0.000176 90.0 9.0 0.0 0.0 
20230213.175400.889753 77.680946 265.9 19.9 0.0 0.0 
20230213.175410.889899 81.435020 266.1 20.0 0.0 0.0 
20230213.175420.890060 81.435013 266.1 20.0 0.0 0.0 
20230213.175430.890193 81.435020 266.1 20.0 0.0 0.0 
20230213.175440.890329 81.331764 266.1 20.0 0.0 0.1 
20230213.175450.890471 81.435028 266.1 20.0 0.0 0.0 
20230213.175500.890607 81.435013 266.1 20.0 0.0 0.0 
20230213.175510.890760 81.435020 266.1 20.0 0.0 0.0 
20230213.175520.890891 81.384560 266.1 20.0 0.0 0.0 
20230213.175530.891027 81.435028 266.1 20.0 0.0 0.0 
20230213.175540.891170 81.435020 266.1 20.0 0.0 0.0 
20230213.175550.891323 81.435036 266.1 20.0 0.0 0.0 
20230213.175600.891480 81.414360 266.1 20.0 0.0 0.0 
20230213.175610.891732 81.393715 266.1 20.0 0.0 0.0 
20230213.175620.891733 81.435005 266.1 20.0 0.0 0.0 
20230213.175630.891889 81.435020 266.1 20.0 0.0 0.0 
20230213.175640.892025 70.073593 266.1 20.0 0.0 0.0 
20230213.175650.892129 0.000779 22.2 20.0 0.0 0.0 
20230213.175700.892278 0.000439 2.6 20.0 0.0 0.0 
20230213.175710.892442 0.000552 5.7 20.0 0.0 0.0 
20230213.175720.892560 0.000382 1.0 20.0 0.0 0.0 
20230213.175730.892699 0.000380 1.0 20.0 0.0 0.0 
20230213.175740.892845 0.000439 2.6 20.0 0.0 0.0 
20230213.175750.893026 61.676830 264.3 20.0 0.0 0.1 
20230213.175800.893163 81.424706 266.1 20.0 0.0 0.0 
20230213.175810.893310 81.435013 266.1 20.0 0.0 0.0 
20230213.175820.893411 24.398310 258.3 20.0 0.0 0.0 
20230213.175830.893557 27.526636 258.3 20.0 0.0 0.0 
20230213.175840.893678 22.935596 257.9 20.0 0.0 0.0 
20230213.175900.893933 0.000027 1.0 20.0 0.0 0.0 
20230213.175910.894069 0.001306 107.8 9.0 0.0 0.0 
20230213.175940.894511 0.000030 134.5 9.0 0.0 0.0 
20230213.180000.894781 0.001336 115.4 9.0 0.0 0.0 
20230213.180010.894913 0.001395 119.7 9.0 0.0 0.0 
20230213.180020.895085 0.001380 27.5 12.3 0.0 0.0 
20230213.180030.895254 0.000439 2.6 17.4 0.0 0.0 
20230213.180040.895376 0.000380 1.0 20.0 0.0 0.0 
20230213.180050.895542 55.712566 263.4 20.0 0.0 0.1 
20230213.180100.895689 81.414391 266.1 20.0 0.0 0.0 
20230213.180110.895844 81.424713 266.1 20.0 0.0 0.0 
20230213.180120.895970 81.414383 266.1 20.0 0.0 0.0 
20230213.180130.896110 81.373093 266.1 20.0 0.0 0.0 
20230213.180140.896250 81.424698 266.1 20.0 0.0 0.0 
20230213.180150.896406 81.331772 266.1 20.0 0.0 0.0 
20230213.180200.896535 81.404053 266.1 20.0 0.0 0.0 
20230213.180210.896692 81.383415 266.1 20.0 0.0 0.1 
20230213.180220.896814 81.414375 266.1 20.0 0.0 0.0 
20230213.180230.896958 81.393738 266.1 20.0 0.0 0.1 
20230213.180240.897114 81.352417 266.1 20.0 0.0 0.0 
20230213.180250.897234 81.394913 266.1 20.0 0.0 0.0 
20230213.180300.897361 50.390266 265.1 20.0 0.0 0.0 
20230213.180310.897450 0.000085 68.2 20.0 0.0 0.0 
20230213.180320.897598 0.001624 115.4 9.0 0.0 0.0 
20230213.180330.897754 0.000309 103.7 9.0 0.0 0.0 
20230213.180400.898164 0.000059 90.0 9.0 0.0 0.0 
20230213.180410.898294 0.000592 110.9 9.0 0.0 0.0 
20230213.180420.898506 80.277740 266.0 19.9 0.0 0.0 
20230213.180430.898679 81.435013 266.1 20.0 0.0 0.0 
20230213.180440.898937 81.394897 266.1 20.0 0.0 0.0 
20230213.180450.898940 80.716896 266.1 20.0 0.0 0.3 
20230213.180500.899076 81.435013 266.1 20.0 0.0 0.0 
20230213.180510.899210 81.424805 266.1 20.0 0.0 0.0 
20230213.180520.899355 81.424698 266.1 20.0 0.0 0.0 
20230213.180530.899500 79.306419 266.0 20.0 0.0 0.0 
20230213.180540.899594 0.003669 19.6 20.0 0.0 0.0 
20230213.180550.899781 45.798203 261.7 20.0 0.0 0.0 
20230213.180600.899920 81.393715 266.1 20.0 0.0 0.0 
20230213.180610.900054 81.424698 266.1 20.0 0.0 0.0 
20230213.180620.900203 81.424690 266.1 20.0 0.0 0.0 
20230213.180630.900347 81.404037 266.1 20.0 0.0 0.0 
20230213.180640.900494 81.404030 266.1 20.0 0.0 0.0 
20230213.180650.900628 81.311104 266.1 20.0 0.0 0.2 
20230213.180700.900772 81.383377 266.1 20.0 0.0 0.1 
20230213.180710.900918 81.424698 266.1 20.0 0.0 0.0 
20230213.180720.901047 81.424683 266.1 20.0 0.0 0.0 
20230213.180730.901201 81.343262 266.1 20.0 0.0 0.1 
20230213.180740.901332 81.373055 266.1 20.0 0.0 0.1 
20230213.180750.901475 81.414352 266.1 20.0 0.0 0.0 
20230213.180800.901616 81.404045 266.1 20.0 0.0 0.0 
20230213.180810.901756 81.435028 266.1 20.0 0.0 0.0 
20230213.180820.901958 81.383377 266.1 20.0 0.0 0.1 
20230213.180830.902051 81.393700 266.1 20.0 0.0 0.0 
20230213.180840.902173 81.435028 266.1 20.0 0.0 0.0 
20230213.180850.902335 81.383377 266.1 20.0 0.0 0.0 
20230213.180900.902460 81.414375 266.1 20.0 0.0 0.0 
20230213.180910.902600 81.424690 266.1 20.0 0.0 0.0 
20230213.180920.902735 81.424698 266.1 20.0 0.0 0.0 
20230213.180930.902875 81.435036 266.1 20.0 0.0 0.0 
20230213.180940.903034 81.393723 266.1 20.0 0.0 0.1 
20230213.180950.903174 81.362717 266.1 20.0 0.0 0.1 
20230213.181000.903305 81.424675 266.1 20.0 0.0 0.0 
20230213.181010.903442 81.435028 266.1 20.0 0.0 0.0 
20230213.181020.903578 81.374222 266.1 20.0 0.0 0.0 
20230213.181030.903738 81.435013 266.1 20.0 0.0 0.0 
20230213.181040.903873 81.373062 266.1 20.0 0.0 0.0 
20230213.181050.904005 81.352425 266.1 20.0 0.0 0.1 
20230213.181100.904147 81.414383 266.1 20.0 0.0 0.0 
20230213.181110.904289 81.404037 266.1 20.0 0.0 0.0 
20230213.181120.904440 81.393715 266.1 20.0 0.0 0.1 
20230213.181130.904577 81.435013 266.1 20.0 0.0 0.0 
20230213.181140.904718 81.362747 266.1 20.0 0.0 0.0 
20230213.181150.904873 81.424698 266.1 20.0 0.0 0.0 
20230213.181200.904992 81.435013 266.1 20.0 0.0 0.0 
20230213.181210.905140 81.414391 266.1 20.0 0.0 0.0 
20230213.181220.905272 81.373062 266.1 20.0 0.0 0.1 
20230213.181230.905419 81.393753 266.1 20.0 0.0 0.1 
20230213.181240.905567 81.435005 266.1 20.0 0.0 0.0 
20230213.181250.905698 81.321442 266.1 20.0 0.0 0.1 
20230213.181300.905837 81.404037 266.1 20.0 0.0 0.0 
20230213.181310.905978 81.363930 266.1 20.0 0.0 0.0 
20230213.181320.906123 81.414352 266.1 20.0 0.0 0.0 
20230213.181330.906270 81.435013 266.1 20.0 0.0 0.0 
20230213.181340.906397 81.414360 266.1 20.0 0.0 0.0 
20230213.181350.906548 81.424690 266.1 20.0 0.0 0.0 
20230213.181400.906684 81.383400 266.1 20.0 0.0 0.1 
20230213.181410.906819 81.424675 266.1 20.0 0.0 0.0 
20230213.181420.906958 81.404030 266.1 20.0 0.0 0.0 
20230213.181430.907108 81.383400 266.1 20.0 0.0 0.0 
20230213.181440.907246 81.414368 266.1 20.0 0.0 0.0 
20230213.181450.907408 81.404037 266.1 20.0 0.0 0.0 
20230213.181500.907543 81.435013 266.1 20.0 0.0 0.0 
20230213.181510.907784 81.393715 266.1 20.0 0.0 0.1 
20230213.181520.907811 81.435028 266.1 20.0 0.0 0.0 
20230213.181530.907950 81.384567 266.1 20.0 0.0 0.0 
20230213.181540.908103 81.424690 266.1 20.0 0.0 0.0 
20230213.181550.908239 81.393723 266.1 20.0 0.0 0.1 
20230213.181600.908371 81.363892 266.1 20.0 0.0 0.0 
20230213.181610.908511 81.424706 266.1 20.0 0.0 0.0 
20230213.181620.908648 81.424683 266.1 20.0 0.0 0.0 
20230213.181630.908812 81.393723 266.1 20.0 0.0 0.1 
20230213.181640.908956 81.383392 266.1 20.0 0.0 0.1 
20230213.181650.909073 81.404037 266.1 20.0 0.0 0.0 
20230213.181700.909216 81.414368 266.1 20.0 0.0 0.0 
20230213.181710.909362 81.362740 266.1 20.0 0.0 0.1 
20230213.181720.909499 81.404053 266.1 20.0 0.0 0.0 
20230213.181730.909640 81.352448 266.1 20.0 0.0 0.1 
20230213.181740.909781 81.393723 266.1 20.0 0.0 0.1 
20230213.181750.909936 81.343246 266.1 20.0 0.0 0.1 
20230213.181800.910063 81.373070 266.1 20.0 0.0 0.1 
20230213.181810.910204 81.383408 266.1 20.0 0.0 0.1 
20230213.181820.910353 81.393715 266.1 20.0 0.0 0.1 
20230213.181830.910495 81.404053 266.1 20.0 0.0 0.0 
20230213.181840.910759 81.352417 266.1 20.0 0.0 0.1 
20230213.181850.910767 81.332947 266.1 20.0 0.0 0.1 
20230213.181900.910910 81.414375 266.1 20.0 0.0 0.0 
20230213.181910.911053 81.404045 266.1 20.0 0.0 0.0 
20230213.181920.911196 81.362747 266.1 20.0 0.0 0.1 
20230213.181930.911345 81.383385 266.1 20.0 0.0 0.0 
20230213.181940.911471 81.393723 266.1 20.0 0.0 0.1 
20230213.181950.911616 81.404068 266.1 20.0 0.0 0.0 
20230213.182000.911755 81.424683 266.1 20.0 0.0 0.0 
20230213.182010.911906 81.383385 266.1 20.0 0.0 0.1 
20230213.182020.912035 81.312302 266.1 20.0 0.0 0.1 
20230213.182030.912181 81.424690 266.1 20.0 0.0 0.0 
20230213.182040.912318 81.424706 266.1 20.0 0.0 0.0 
20230213.182050.912472 81.404037 266.1 20.0 0.0 0.0 
20230213.182100.912601 81.435020 266.1 20.0 0.0 0.0 
20230213.182110.912744 81.352402 266.1 20.0 0.0 0.1 
20230213.182120.912883 81.424690 266.1 20.0 0.0 0.0 
20230213.182130.913024 81.424721 266.1 20.0 0.0 0.0 
20230213.182140.913173 81.404037 266.1 20.0 0.0 0.0 
20230213.182150.913316 81.383377 266.1 20.0 0.0 0.0 
20230213.182200.913457 81.424698 266.1 20.0 0.0 0.0 
20230213.182210.913587 81.414383 266.1 20.0 0.0 0.0 
20230213.182220.913732 81.383400 266.1 20.0 0.0 0.1 
20230213.182230.913890 81.393723 266.1 20.0 0.0 0.0 
20230213.182240.914006 81.393723 266.1 20.0 0.0 0.1 
20230213.182250.914144 81.424721 266.1 20.0 0.0 0.0 
20230213.182300.914288 81.435005 266.1 20.0 0.0 0.0 
20230213.182310.914429 81.383385 266.1 20.0 0.0 0.1 
20230213.182320.914562 81.384567 266.1 20.0 0.0 0.0 
20230213.182330.914708 81.414352 266.1 20.0 0.0 0.0 
20230213.182340.914852 81.424690 266.1 20.0 0.0 0.0 
20230213.182350.915004 81.424713 266.1 20.0 0.0 0.0 
20230213.182400.915136 81.362740 266.1 20.0 0.0 0.1 
20230213.182410.915275 81.414360 266.1 20.0 0.0 0.0 
20230213.182420.915416 81.414368 266.1 20.0 0.0 0.0 
20230213.182430.915561 81.424698 266.1 20.0 0.0 0.0 
20230213.182440.915716 81.373077 266.1 20.0 0.0 0.0 
20230213.182450.915840 81.373062 266.1 20.0 0.0 0.1 
20230213.182500.915980 81.393723 266.1 20.0 0.0 0.1 
20230213.182510.916129 81.424683 266.1 20.0 0.0 0.0 
20230213.182520.916281 81.424698 266.1 20.0 0.0 0.0 
20230213.182530.916420 81.404030 266.1 20.0 0.0 0.0 
20230213.182540.916552 81.373062 266.1 20.0 0.0 0.1 
20230213.182550.916687 81.393715 266.1 20.0 0.0 0.0 
20230213.182600.916827 81.343262 266.1 20.0 0.0 0.0 
20230213.182610.916968 81.393738 266.1 20.0 0.0 0.1 
20230213.182620.917106 81.373070 266.1 20.0 0.0 0.1 
20230213.182630.917250 81.424698 266.1 20.0 0.0 0.0 
20230213.182640.917396 81.057968 266.1 19.9 0.0 0.1 
20230213.182650.917547 81.383392 266.1 20.0 0.0 0.1 
20230213.182700.917692 81.435020 266.1 20.0 0.0 0.0 
20230213.182710.917817 81.435028 266.1 20.0 0.0 0.0 
20230213.182720.917956 81.404053 266.1 20.0 0.0 0.0 
20230213.182730.918099 81.342117 266.1 20.0 0.0 0.1 
20230213.182740.918250 81.424683 266.1 20.0 0.0 0.0 
20230213.182750.918377 81.435020 266.1 20.0 0.0 0.0 
20230213.182800.918522 81.435013 266.1 20.0 0.0 0.0 
20230213.182810.918658 81.331779 266.1 20.0 0.0 0.1 
20230213.182820.918793 81.404037 266.1 20.0 0.0 0.0 
20230213.182830.918951 81.424698 266.1 20.0 0.0 0.0 
20230213.182840.919087 81.404030 266.1 20.0 0.0 0.0 
20230213.182850.919229 81.374222 266.1 20.0 0.0 0.0 
20230213.182900.919359 81.362747 266.1 20.0 0.0 0.1 
20230213.182910.919506 81.414383 266.1 20.0 0.0 0.0 
20230213.182920.919650 81.435028 266.1 20.0 0.0 0.0 
20230213.182930.919783 81.435036 266.1 20.0 0.0 0.0 
20230213.182940.919933 81.414375 266.1 20.0 0.0 0.0 
20230213.182950.920084 81.424667 266.1 20.0 0.0 0.0 
20230213.183000.920208 81.414383 266.1 20.0 0.0 0.0 
20230213.183010.920348 81.383377 266.1 20.0 0.0 0.1 
20230213.183020.920497 81.362747 266.1 20.0 0.0 0.0 
20230213.183030.920629 81.435013 266.1 20.0 0.0 0.0 
20230213.183040.920787 81.424698 266.1 20.0 0.0 0.0 
20230213.183050.920911 81.414383 266.1 20.0 0.0 0.0 
20230213.183100.921051 81.286499 266.1 20.0 0.0 0.1 
20230213.183110.921195 81.414368 266.1 20.0 0.0 0.0 
=========================DL=========================
datettime              DL-Tput   DL-RbNum DL-MCS DL-Bler DL-nonWPdschBler
20230213.174330.880802 0.000088 1.7 9.0 0.0 0.0 
20230213.174340.880929 0.000364 4.2 9.0 0.0 11.1 
20230213.174350.881072 0.000079 6.0 9.0 0.0 0.0 
20230213.174400.881211 0.005326 1.0 21.5 0.1 0.0 
20230213.174410.881385 323.358826 194.1 26.0 0.0 0.0 
20230213.174420.881531 333.887756 198.0 26.0 0.1 0.1 
20230213.174430.881673 333.048096 198.0 26.0 0.1 0.1 
20230213.174440.881817 334.374146 198.0 26.0 0.1 0.1 
20230213.174450.881951 334.401733 198.0 26.0 0.0 0.0 
20230213.174500.882099 332.440308 198.0 26.0 0.0 0.0 
20230213.174510.882235 334.376282 198.0 26.0 0.0 0.0 
20230213.174520.882375 334.371033 198.0 26.0 0.0 0.0 
20230213.174530.882518 334.475159 198.0 26.0 0.0 0.0 
20230213.174540.882666 334.478363 198.0 26.0 0.0 0.0 
20230213.174550.882809 334.373199 198.0 26.0 0.0 0.0 
20230213.174600.882949 333.922180 198.0 26.0 0.1 0.1 
20230213.174610.883078 333.234772 198.0 26.0 0.0 0.0 
20230213.174620.883223 335.064880 198.0 26.0 0.1 0.1 
20230213.174630.883375 335.080139 198.0 26.0 0.0 0.0 
20230213.174640.883504 332.895996 198.0 26.0 0.1 0.1 
20230213.174650.883642 334.421082 198.0 26.0 0.0 0.0 
20230213.174700.883787 334.415131 198.0 26.0 0.0 0.0 
20230213.174710.883927 334.505768 198.0 26.0 0.0 0.0 
20230213.174720.884070 334.474152 198.0 26.0 0.0 0.0 
20230213.174730.884209 334.351746 198.0 26.0 0.1 0.1 
20230213.174740.884350 334.467133 198.0 26.0 0.0 0.0 
20230213.174750.884491 334.444641 198.0 26.0 0.0 0.0 
20230213.174800.884640 334.429260 198.0 26.0 0.0 0.0 
20230213.174810.884774 334.625092 198.0 26.0 0.1 0.1 
20230213.174820.884924 333.948029 198.0 26.0 0.1 0.1 
20230213.174830.885051 332.833862 198.0 26.0 0.0 0.0 
20230213.174840.885192 334.368073 198.0 26.0 0.0 0.0 
20230213.174850.885333 334.677124 198.0 26.0 0.0 0.0 
20230213.174900.885469 190.716583 168.2 26.0 0.1 0.1 
20230213.174910.885618 334.363403 198.0 26.0 0.0 0.0 
20230213.174920.885743 164.505371 158.9 26.0 0.0 0.0 
20230213.174930.885903 257.197723 197.8 26.0 0.1 0.1 
20230213.174940.886046 334.562042 198.0 26.0 0.0 0.0 
20230213.174950.886171 235.804291 198.0 26.0 0.0 0.0 
20230213.175010.886419 0.000013 1.0 26.0 0.0 80.0 
20230213.175020.886554 0.000088 2.1 9.0 0.0 14.3 
20230213.175030.886734 108.266785 197.3 24.1 0.0 0.0 
20230213.175040.886873 49.568611 198.9 4.7 26.3 26.2 
20230213.175050.887002 0.011560 18.7 23.6 0.0 0.0 
20230213.175100.887158 20.589924 180.2 5.3 25.9 26.1 
20230213.175110.887270 0.000013 1.0 23.0 0.0 80.0 
20230213.175120.887415 0.000206 2.2 9.0 0.0 0.0 
20230213.175130.887556 0.010237 1.0 23.7 0.0 0.0 
20230213.175140.887725 316.250214 195.6 26.0 0.0 0.0 
20230213.175150.887875 289.261047 197.8 26.0 0.0 0.0 
20230213.175200.888010 335.284332 198.0 26.0 0.0 0.0 
20230213.175210.888138 210.676559 197.7 26.0 0.0 0.0 
20230213.175220.888277 234.589142 197.8 26.0 0.0 0.0 
20230213.175230.888430 310.171265 198.0 26.0 0.0 0.0 
20230213.175240.888535 0.000013 1.0 26.0 0.0 80.0 
20230213.175250.888679 0.000206 2.5 9.0 0.0 10.0 
20230213.175300.888838 167.624481 197.6 24.7 0.0 0.0 
20230213.175310.888992 74.001991 198.9 6.9 23.8 24.0 
20230213.175320.889109 6.263080 197.6 5.9 13.3 12.5 
20230213.175340.889380 0.000293 2.4 9.0 0.0 7.1 
20230213.175350.889519 0.000238 4.0 9.0 0.0 0.0 
20230213.175400.889689 123.948105 110.3 25.0 0.1 0.1 
20230213.175410.889836 334.570038 198.0 26.0 0.0 0.0 
20230213.175420.889980 335.068909 198.0 26.0 0.0 0.0 
20230213.175430.890128 333.882599 198.0 26.0 0.0 0.0 
20230213.175440.890265 334.196686 198.0 26.0 0.1 0.1 
20230213.175450.890407 334.281372 198.0 26.0 0.0 0.0 
20230213.175500.890543 334.437500 198.0 26.0 0.0 0.0 
20230213.175510.890686 335.355621 198.0 26.0 0.0 0.0 
20230213.175520.890829 333.481628 198.0 26.0 0.0 0.0 
20230213.175530.890965 335.064758 198.0 26.0 0.0 0.0 
20230213.175540.891108 334.752716 198.0 26.0 0.0 0.0 
20230213.175550.891259 333.724548 198.0 26.0 0.0 0.0 
20230213.175600.891401 334.873993 198.0 26.0 0.0 0.0 
20230213.175610.891537 334.311951 198.0 26.0 0.0 0.0 
20230213.175620.891671 334.369171 198.0 26.0 0.0 0.0 
20230213.175630.891826 334.350891 198.0 26.0 0.0 0.0 
20230213.175640.891951 229.442459 176.5 26.0 0.0 0.0 
20230213.175650.892083 153.612823 197.7 26.0 0.1 0.1 
20230213.175700.892238 334.679504 198.0 26.0 0.0 0.0 
20230213.175710.892399 334.978577 198.0 26.0 0.0 0.0 
20230213.175720.892518 334.954865 198.0 26.0 0.0 0.0 
20230213.175730.892657 333.747131 198.0 26.0 0.0 0.0 
20230213.175740.892801 335.120178 198.0 26.0 0.0 0.0 
20230213.175750.892955 333.720062 198.0 26.0 0.0 0.0 
20230213.175800.893089 334.147736 198.0 26.0 0.0 0.0 
20230213.175810.893224 334.468018 198.0 26.0 0.0 0.0 
20230213.175820.893355 170.953659 171.2 26.0 0.0 0.0 
20230213.175830.893501 255.963654 197.8 26.0 0.0 0.0 
20230213.175840.893632 229.474884 197.9 26.0 0.0 0.0 
20230213.175900.893894 0.000013 1.0 26.0 0.0 80.0 
20230213.175910.894033 0.000088 1.7 9.0 0.0 0.0 
20230213.175940.894473 0.000013 1.0 9.0 0.0 80.0 
20230213.180000.894744 0.000101 1.5 9.0 0.0 60.0 
20230213.180010.894875 0.000206 2.2 9.0 0.0 0.0 
20230213.180020.895041 206.850555 197.7 24.9 0.1 0.1 
20230213.180030.895202 333.718628 198.0 26.0 0.0 0.0 
20230213.180040.895333 335.813751 198.0 26.0 0.0 0.0 
20230213.180050.895475 114.169289 198.5 10.2 23.1 23.5 
20230213.180100.895615 0.739264 198.7 0.0 37.3 37.3 
20230213.180110.895766 2.981342 198.8 0.0 38.0 38.0 
20230213.180120.895895 2.790588 198.8 0.0 38.5 38.5 
20230213.180130.896034 0.171081 198.8 0.0 38.5 38.5 
20230213.180140.896178 2.973181 198.8 0.0 37.9 37.9 
20230213.180150.896317 2.543721 198.8 0.0 37.6 37.6 
20230213.180200.896460 2.493746 198.8 0.0 37.6 37.6 
20230213.180210.896609 0.921845 198.8 0.0 37.6 37.5 
20230213.180220.896740 2.445812 198.8 0.0 38.2 38.2 
20230213.180230.896884 3.029273 198.8 0.0 38.4 38.4 
20230213.180240.897022 0.467856 198.8 0.0 38.5 38.5 
20230213.180250.897161 5.194846 198.8 0.0 38.5 38.5 
20230213.180300.897301 0.725799 198.6 1.1 33.4 32.7 
20230213.180310.897412 0.000092 1.3 16.0 1.0 66.7 
20230213.180320.897560 0.000289 2.5 9.0 0.0 0.0 
20230213.180330.897697 0.000246 4.0 9.0 0.0 0.0 
20230213.180400.898125 0.000079 6.0 9.0 0.0 0.0 
20230213.180410.898261 0.000536 3.4 9.0 0.0 0.0 
20230213.180420.898434 107.356186 96.4 25.0 0.0 0.0 
20230213.180430.898602 333.991669 198.0 26.0 0.0 0.0 
20230213.180440.898720 334.072327 198.0 26.0 0.0 0.0 
20230213.180450.898863 331.203796 198.0 26.0 0.5 0.5 
20230213.180500.899000 335.550293 198.0 26.0 0.0 0.0 
20230213.180510.899136 185.857452 142.8 26.0 0.0 0.0 
20230213.180520.899284 333.319519 198.0 26.0 0.0 0.0 
20230213.180530.899424 335.869751 198.0 26.0 0.0 0.0 
20230213.180540.899549 224.815521 197.8 26.0 0.0 0.0 
20230213.180550.899708 335.635498 198.0 26.0 0.0 0.0 
20230213.180600.899849 334.172272 198.0 26.0 0.0 0.0 
20230213.180610.899984 333.745911 198.0 26.0 0.0 0.0 
20230213.180620.900129 334.974976 198.0 26.0 0.0 0.0 
20230213.180630.900270 334.238495 198.0 26.0 0.0 0.0 
20230213.180640.900405 335.211731 198.0 26.0 0.0 0.0 
20230213.180650.900553 333.555115 198.0 26.0 0.1 0.1 
20230213.180700.900698 335.002502 198.0 26.0 0.0 0.0 
20230213.180710.900841 333.350037 198.0 26.0 0.0 0.0 
20230213.180720.900972 335.856384 198.0 26.0 0.0 0.0 
20230213.180730.901113 333.660187 198.0 26.0 0.0 0.0 
20230213.180740.901259 333.824341 198.0 26.0 0.0 0.0 
20230213.180750.901398 335.718597 198.0 26.0 0.0 0.0 
20230213.180800.901538 334.316101 198.0 26.0 0.0 0.0 
20230213.180810.901684 334.602844 198.0 26.0 0.0 0.0 
20230213.180820.901827 334.290527 198.0 26.0 0.1 0.1 
20230213.180830.901973 335.227966 198.0 26.0 0.0 0.0 
20230213.180840.902097 333.354187 198.0 26.0 0.0 0.0 
20230213.180850.902246 334.859802 198.0 26.0 0.0 0.0 
20230213.180900.902383 335.053528 198.0 26.0 0.0 0.0 
20230213.180910.902523 334.706726 198.0 26.0 0.0 0.0 
20230213.180920.902662 333.126740 198.0 26.0 0.0 0.0 
20230213.180930.902803 335.905334 198.0 26.0 0.0 0.0 
20230213.180940.902943 331.622070 198.0 26.0 0.1 0.1 
20230213.180950.903096 334.830139 198.0 26.0 0.0 0.0 
20230213.181000.903227 336.138947 198.0 26.0 0.0 0.0 
20230213.181010.903367 333.330750 198.0 26.0 0.0 0.0 
20230213.181020.903505 335.752258 198.0 26.0 0.0 0.0 
20230213.181030.903648 334.055939 198.0 26.0 0.0 0.0 
20230213.181040.903791 335.015869 198.0 26.0 0.1 0.1 
20230213.181050.903932 334.225403 198.0 26.0 0.1 0.1 
20230213.181100.904071 332.815552 198.0 26.0 0.0 0.0 
20230213.181110.904214 335.679840 198.0 26.0 0.0 0.0 
20230213.181120.904362 333.036957 198.0 26.0 0.0 0.0 
20230213.181130.904504 334.979156 198.0 26.0 0.0 0.0 
20230213.181140.904645 335.471741 198.0 26.0 0.0 0.0 
20230213.181150.904783 333.306213 198.0 26.0 0.0 0.0 
20230213.181200.904920 335.578918 198.0 26.0 0.0 0.0 
20230213.181210.905066 334.836334 198.0 26.0 0.0 0.0 
20230213.181220.905198 332.353455 198.0 26.0 0.0 0.0 
20230213.181230.905340 335.724731 198.0 26.0 0.1 0.1 
20230213.181240.905476 333.211395 198.0 26.0 0.0 0.0 
20230213.181250.905620 334.630341 198.0 26.0 0.1 0.1 
20230213.181300.905760 334.746490 198.0 26.0 0.0 0.0 
20230213.181310.905904 335.424805 198.0 26.0 0.0 0.0 
20230213.181320.906046 335.127045 198.0 26.0 0.0 0.0 
20230213.181330.906183 334.150848 198.0 26.0 0.0 0.0 
20230213.181340.906324 334.039612 198.0 26.0 0.0 0.0 
20230213.181350.906470 333.216431 198.0 26.0 0.0 0.0 
20230213.181400.906608 334.531311 198.0 26.0 0.1 0.1 
20230213.181410.906745 334.453796 198.0 26.0 0.0 0.0 
20230213.181420.906887 335.867523 198.0 26.0 0.0 0.0 
20230213.181430.907028 333.405121 198.0 26.0 0.0 0.0 
20230213.181440.907169 334.319153 198.0 26.0 0.0 0.0 
20230213.181450.907320 335.198364 198.0 26.0 0.0 0.0 
20230213.181500.907470 334.866882 198.0 26.0 0.0 0.0 
20230213.181510.907598 334.995392 198.0 26.0 0.0 0.0 
20230213.181520.907733 334.345703 198.0 26.0 0.0 0.0 
20230213.181530.907878 333.599060 198.0 26.0 0.0 0.0 
20230213.181540.908015 333.721344 198.0 26.0 0.0 0.0 
20230213.181550.908162 335.433990 198.0 26.0 0.0 0.0 
20230213.181600.908298 334.677185 198.0 26.0 0.0 0.0 
20230213.181610.908437 334.393646 198.0 26.0 0.0 0.0 
20230213.181620.908576 334.639374 198.0 26.0 0.0 0.0 
20230213.181630.908720 334.511902 198.0 26.0 0.0 0.0 
20230213.181640.908872 333.941742 198.0 26.0 0.0 0.0 
20230213.181650.908998 332.691223 198.0 26.0 0.3 0.3 
20230213.181700.909140 335.609436 198.0 26.0 0.0 0.0 
20230213.181710.909284 334.415955 198.0 26.0 0.0 0.0 
20230213.181720.909423 334.682312 198.0 26.0 0.0 0.0 
20230213.181730.909565 334.033539 198.0 26.0 0.0 0.0 
20230213.181740.909703 334.349670 198.0 26.0 0.0 0.0 
20230213.181750.909846 334.337433 198.0 26.0 0.1 0.1 
20230213.181800.909989 335.164795 198.0 26.0 0.0 0.0 
20230213.181810.910130 334.979126 198.0 26.0 0.0 0.0 
20230213.181820.910279 333.329651 198.0 26.0 0.0 0.0 
20230213.181830.910421 334.887268 198.0 26.0 0.0 0.0 
20230213.181840.910561 334.377258 198.0 26.0 0.1 0.1 
20230213.181850.910692 333.746002 198.0 26.0 0.0 0.0 
20230213.181900.910836 334.657745 198.0 26.0 0.0 0.0 
20230213.181910.910976 334.319092 198.0 26.0 0.0 0.0 
20230213.181920.911118 334.202881 198.0 26.0 0.0 0.0 
20230213.181930.911256 333.629608 198.0 26.0 0.1 0.1 
20230213.181940.911398 335.080048 198.0 26.0 0.0 0.0 
20230213.181950.911541 334.130402 198.0 26.0 0.0 0.0 
20230213.182000.911679 333.745911 198.0 26.0 0.0 0.0 
20230213.182010.911829 335.758453 198.0 26.0 0.0 0.0 
20230213.182020.911959 334.567963 198.0 26.0 0.0 0.0 
20230213.182030.912103 334.403748 198.0 26.0 0.0 0.0 
20230213.182040.912241 335.115845 198.0 26.0 0.0 0.0 
20230213.182050.912385 334.229462 198.0 26.0 0.0 0.0 
20230213.182100.912525 332.920593 198.0 26.0 0.0 0.0 
20230213.182110.912668 335.696136 198.0 26.0 0.1 0.1 
20230213.182120.912808 333.341980 198.0 26.0 0.0 0.0 
20230213.182130.912948 335.043396 198.0 26.0 0.0 0.0 
20230213.182140.913086 334.389465 198.0 26.0 0.0 0.0 
20230213.182150.913238 334.364990 198.0 26.0 0.0 0.0 
20230213.182200.913379 335.029053 198.0 26.0 0.0 0.0 
20230213.182210.913510 332.376038 198.0 26.0 0.0 0.0 
20230213.182220.913657 337.168091 198.0 26.0 0.0 0.0 
20230213.182230.913801 333.356140 198.0 26.0 0.0 0.0 
20230213.182240.913931 335.021973 198.0 26.0 0.0 0.0 
20230213.182250.914072 334.328369 198.0 26.0 0.0 0.0 
20230213.182300.914215 333.303131 198.0 26.0 0.0 0.0 
20230213.182310.914356 336.267395 198.0 26.0 0.0 0.0 
20230213.182320.914492 333.858093 198.0 26.0 0.0 0.0 
20230213.182330.914636 335.227112 198.0 26.0 0.0 0.0 
20230213.182340.914779 333.875366 198.0 26.0 0.0 0.0 
20230213.182350.914921 334.663879 198.0 26.0 0.0 0.0 
20230213.182400.915060 333.810120 198.0 26.0 0.0 0.0 
20230213.182410.915200 335.565674 198.0 26.0 0.0 0.0 
20230213.182420.915342 334.721985 198.0 26.0 0.0 0.0 
20230213.182430.915483 332.723724 198.0 26.0 0.0 0.0 
20230213.182440.915624 335.171936 198.0 26.0 0.0 0.0 
20230213.182450.915763 334.375336 198.0 26.0 0.0 0.0 
20230213.182500.915907 335.772644 198.0 26.0 0.0 0.0 
20230213.182510.916053 333.131775 198.0 26.0 0.0 0.0 
20230213.182520.916205 334.914886 198.0 26.0 0.0 0.0 
20230213.182530.916333 334.645569 198.0 26.0 0.0 0.0 
20230213.182540.916475 335.258545 198.0 26.0 0.0 0.0 
20230213.182550.916613 335.017822 198.0 26.0 0.0 0.0 
20230213.182600.916753 332.382080 198.0 26.0 0.0 0.0 
20230213.182610.916894 335.369812 198.0 26.0 0.0 0.0 
20230213.182620.917031 333.427551 198.0 26.0 0.0 0.0 
20230213.182630.917174 334.827087 198.0 26.0 0.0 0.0 
20230213.182640.917318 334.690369 198.0 26.0 0.2 0.2 
20230213.182650.917456 332.227051 198.0 26.0 0.0 0.0 
20230213.182700.917613 336.023621 198.0 26.0 0.0 0.0 
20230213.182710.917740 334.117126 198.0 26.0 0.0 0.0 
20230213.182720.917883 335.100525 198.0 26.0 0.0 0.0 
20230213.182730.918022 334.078430 198.0 26.0 0.0 0.0 
20230213.182740.918164 333.396973 198.0 26.0 0.0 0.0 
20230213.182750.918302 335.299377 198.0 26.0 0.0 0.0 
20230213.182800.918445 333.366455 198.0 26.0 0.0 0.0 
20230213.182810.918584 335.627869 198.0 26.0 0.0 0.0 
20230213.182820.918723 332.260651 198.0 26.0 0.0 0.0 
20230213.182830.918863 336.175598 198.0 26.0 0.0 0.0 
20230213.182840.919013 335.709473 198.0 26.0 0.0 0.0 
20230213.182850.919155 333.199219 198.0 26.0 0.0 0.0 
20230213.182900.919289 333.669312 198.0 26.0 0.1 0.1 
20230213.182910.919428 335.741028 198.0 26.0 0.0 0.0 
20230213.182920.919577 335.411652 198.0 26.0 0.1 0.1 
20230213.182930.919709 333.309387 198.0 26.0 0.0 0.0 
20230213.182940.919857 336.009338 198.0 26.0 0.0 0.0 
20230213.182950.919993 332.134155 198.0 26.0 0.0 0.0 
20230213.183000.920133 334.704742 198.0 26.0 0.0 0.0 
20230213.183010.920272 335.288177 198.0 26.0 0.0 0.0 
20230213.183020.920422 334.997406 198.0 26.0 0.0 0.0 
20230213.183030.920554 333.848846 198.0 26.0 0.0 0.0 
20230213.183040.920701 334.246765 198.0 26.0 0.0 0.0 
20230213.183050.920835 335.315765 198.0 26.0 0.0 0.0 
20230213.183100.920979 334.851532 198.0 26.0 0.1 0.1 
20230213.183110.921118 332.687012 198.0 26.0 0.0 0.0 
